73
29
-51
21
-91
36
36
-20
97
-64
81
81
-83
25
72
50
77
-72
34
20
-29
-73
-8
58
-50
-52
98
51
15
48
12
-66
-22
62
37
-1
-40
0
-47
60
84
-43
2
-8
-93
39
-51
-95
-99
45
-15
-4
37
36
-96
37
73
51
49
55
91
-92
-25
-86
35
-37
-98
22
-10
11
27
86
18
54
-75
-9
91
-4
77
75
-35
80
82
34
37
-81
30
12
-14
-62
73
-68
61
37
41
-5
2
95
5
-39
17
5
28
1
-65
-71
96
97
100
-45
-33
-36
-37
82
50
-16
-4
-58
11
-8
35
-47
-50
-86
0
-34
-71
76
-44
-74
-11
-16
19
-85
8
-34
-76
39
-36
-38
20
31
-78
-68
-18
-64
-36
11
-57
-21
-82
-85
-11
98
-69
13
-26
-89
23
-88
-9
-22
91
65
51
-48
-89
-60
-48
-89
-13
87
-59
67
22
58
-58
-69
59
-77
-76
-36
-96
-43
-98
-15
84
-46
-35
93
79
67
-36
-52
83
2
-7
2
41
-21
65
36
-84
-93
-23
-36
16
59
-90
28
66
77
89
46
54
-60
80
-5
-100
-76
70
49
88
12
81
88
-86
-5
98
57
56
2
-46
-79
9
-29
18
-91
-16
85
55
-48
14
38
-48
82
-94
2
-40
33
-58
-18
67
-29
-96
47
52
-31
-83
4
-3
-17
-82
-50
-19
-49
-17
72
-40
11
42
23
-55
27
69
-88
41
-34
90
-94
-70
68
83
-2
4
-31
-7
96
-30
-83
-49
97
-12
8
63
-32
-20
67
18
-15
12
-59
90
-50
-77
88
-95
36
-40
-4
-72
-21
81
-69
64
-92
96
-71
23
-2
-31
-82
-20
42
48
96
-66
-35
-61
-93
-2
29
-71
64
84
50
-12
96
-47
15
-30
100
9
-64
68
-37
2
10
99
79
-1
-25
31
33
-41
-2
-7
72
-38
93
-99
-27
-63
-66
80
19
-83
-88
-55
99
-64
0
-36
58
-88
51
10
24
75
7
21
73
-22
-56
40
69
97
-77
-35
-11
56
-21
-2
30
-76
11
5
5
28
20
-66
-48
-11
-90
-63
-25
3
37
-57
-72
-28
-67
4
64
-77
2
45
-47
-45
98
39
-6
100
-21
-68
0
7
16
-71
-77
65
-93
16
-26
21
13
13
-28
-95
-64
-28
-9
-36
88
51
-45
37
93
29
-70
47
-1
69
62
5
64
77
-56
-11
-19
-27
-72
3
27
64
36
21
-25
30
-100
65
-14
71
-62
31
92
-96
80
-48
-34
92
-41
-20
-19
-8
50
-45
100
-6
-85
-78
-81
-79
11
-2
-41
7
100
-29
75
-60
54
58
53
41
97
-12
-80
-26
-84
-35
-42
-15
-26
83
-28
76
32
38
-34
-52
-70
-24
-63
-78
92
14
-3
-42
-77
-31
-56
7
-100
-78
-82
50
-83
-26
-95
63
63
23
94
72
-95
-68
-47
100
-15
-35
-79
22
72
-18
-69
-17
92
-28
-65
-49
-23
88
99
-52
-82
-40
19
97
-22
91
15
32
71
-29
55
93
12
-21
0
-92
-37
-85
44
3
-89
81
18
-27
-41
4
35
-60
-79
32
82
78
-44
33
-30
84
69
0
-69
54
-16
69
54
-58
87
42
-9
59
-65
58
-14
-74
-13
-64
-55
69
-23
-32
78
-69
44
39
-49
-25
65
31
-79
-3
-51
-8
-14
79
-44
37
41
24
99
-20
93
98
47
-36
83
99
29
-31
-84
80
-27
-29
74
-85
86
-57
-77
37
-20
-36
-2
14
-8
-34
59
89
-39
-45
46
69
-45
-16
-27
10
-95
-40
-93
40
17
84
-79
12
-97
5
74
42
53
35
85
45
22
-17
-48
76
-94
-61
81
-23
-86
-95
-27
58
91
57
-31
-67
-69
-92
-48
-99
2
44
-94
95
67
14
44
-32
-51
23
57
-39
-85
27
-47
8
37
55
58
-21
-96
-16
75
30
-70
10
15
24
39
-81
64
12
-43
38
99
52
-2
55
64
-32
-49
21
-97
20
-22
43
7
78
-73
-58
-26
-25
70
-72
75
-21
-41
97
-29
-23
-87
-90
28
-27
16
-10
-61
-63
-36
49
40
-82
-21
37
-74
79
18
-46
37
-25
-91
80
-78
-32
71
-45
75
81
63
-49
49
86
76
30
-75
-85
8
-95
88
60
-63
-5
54
12
32
-7
-90
39
-8
51
96
-64
30
-80
-44
75
5
42
-97
14
-11
-26
-75
-74
-71
-43
-64
-47
-52
-55
9
-81
35
-69
-15
97
59
-66
-95
99
-67
-14
-16
-69
-4
-77
-38
-73
-12
-27
37
-28
50
61
-22
-40
-25
52
44
-16
48
96
92
43
-12
44
-6
-51
-64
-34
-73
18
45
-64
53
87
-89
-97
87
-45
-42
0
-84
-13
8
-87
89
-43
-86
-48
4
-77
-86
-53
-43
62
-53
32
-90
-20
28
88
-55
-88
18
-85
-11
-12
83
-32
-50
77
-81
12
-57
29
-63
-49
20
72
-8
17
-99
-44
8
35
90
-87
13
-39
-35
-9
15
-92
-46
32
-71
63
57
58
-50
-59
-57
-48
96
-46
25
-98
6
-6
9
-66
-33
-22
-45
35
50
-54
23
91
-64
-62
-23
-81
74
11
11
43
-11
-86
-5
19
-60
-21
-65
41
-62
59
83
-72
-15
-95
16
-91
-46
20
29