-16
-90
0
-13
80
-22
-50
-83
18
36
-43
-88
2
11
32
-77
5
-88
-35
-48
-95
95
-42
89
-56
-100
-59
-2
86
25
20
21
-61
-78
58
-31
-89
-93
62
-68
-8
-48
-38
99
-1
-43
10
91
76
24
65
-61
89
-32
-58
16
54
48
62
-1
7
79
-16
-68
35
75
69
-46
6
-71
-15
6
82
-37
60
8
-30
-10
35
-24
86
83
-64
15
-20
85
-39
-47
-72
-7
28
-99
87
38
38
-49
-31
-25
-13
-55
90
58
5
45
34
75
10
-58
72
-85
-72
-91
100
10
-42
74
-24
-48
0
18
5
81
-77
32
9
74
40
68
-45
39
-20
30
5
-2
-60
70
-75
-94
46
-50
-81
-5
16
61
-41
52
-64
96
-56
80
-53
-24
55
35
59
94
-94
-18
19
-98
95
-17
42
-93
-15
16
32
-89
83
-18
-23
-92
-71
64
-54
68
92
-42
63
64
97
12
-26
-55
-30
-63
-22
55
83
-3
70
22
-16
84
-37
-9
40
-31
37
44
-6
-4
-77
41
-68
28
91
-15
-11
-23
30
-15
-76
-7
-80
11
-72
8
52
64
-26
-91
71
23
-100
12
-64
81
-38
25
49
-7
59
-40
4
-21
-66
73
52
42
8
-53
-62
-80
5
57
-38
98
-25
-43
-48
-67
-44
-93
-35
-3
-80
14
-14
46
-40
44
-58
76
36
-20
20
82
7
18
-57
43
-76
-84
81
92
-32
-82
60
75
-75
68
52
-40
-96
85
-48
-85
20
-67
-48
-67
87
2
-14
-53
-72
24
36
29
1
-31
75
-1
-75
-95
1
21
-88
37
85
16
-30
82
95
-16
-21
-2
50
89
67
49
-64
-79
3
-35
-83
-94
70
-2
-32
-94
68
42
92
-93
-47
-3
99
-68
-1
-88
64
-18
-55
-95
-36
23
-96
-52
51
84
19
-16
-31
-59
64
46
-19
-87
-51
-62
40
40
-72
-17
54
5
-41
-33
0
62
-78
87
48
16
63
-36
96
-35
-36
13
5
3
62
28
-1
3
39
69
11
-92
-39
0
-67
95
-82
79
93
30
6
-25
-24
-50
69
-4
1
12
-63
-45
-74
60
-42
13
-28
-82
-67
87
23
86
-68
-61
-100
97
30
32
-76
54
-15
-74
-85
60
16
17
12
22
68
45
53
-67
-1
72
-67
77
-37
-45
-80
-90
-41
55
-19
-97
-99
76
57
79
85
-71
-17
-64
-25
56
-8
-3
6
61
17
-11
-9
54
-78
24
31
67
12
3
-36
27
49
-91
14
13
-21
-70
-7
100
40
-49
-76
-44
-84
-97
-62
-67
17
19
43
78
-26
13
23
-84
-34
48
-22
-48
53
-100
-45
90
-28
-84
40
-95
10
29
-5
49
-99
-34
-37
58
-70
56
71
-79
56
-27
-12
-70
-92
-48
78
-8
-50
39
98
41
28
-49
-5
-8
20
45
-37
-66
32
17
30
60
10
-35
30
-28
5
35
79
45
18
-62
84
-35
72
-2
37
-8
47
92
40
-44
-84
32
32
-57
-26
-50
-91
58
-32
-97
78
-16
-50
62
-24
-72
86
11
19
41
16
43
-45
69
82
-71
-7
0
41
-16
-60
29
-3
53
-73
37
-22
36
49
-100
47
-13
58
-77
16
-17
7
-63
7
-48
5
91
-18
70
43
32
20
-39
45
-67
57
17
44
-87
-2
-31
56
-63
84
-99
-9
-47
-64
53
-10
-91
43
47
75
41
43
-53
72
91
-70
78
-27
72
96
62
41
51
44
-79
24
85
2
87
-3
-29
-13
93
-91
-67
-29
75
-77
-38
-25
-17
-20
-71
-15
-69
-85
-53
92
73
100
42
48
-94
-47
-10
-55
80
-6
-51
-19
4
-81
37
36
67
-69
30
-73
31
-78
31
-59
49
-15
-73
34
-90
-90
83
82
36
-80
62
-81
83
7
-18
83
-39
77
86
53
-42
53
-25
78
-70
-10
92
-62
-49
-87
60
37
-26
57
78
67
-54
-96
25
-26
-81
48
-6
32
35
-84
-61
-28
-27
15
88
4
50
62
7
-37
-42
86
-18
50
78
-35
-42
-12
50
73
-22
30
79
-40
38
-85
49
-73
55
-42
-30
-19
-82
13
-5
84
-94
51
-16
-41
26
-100
37
-1
-21
92
-62
89
33
27
-16
-58
66
28
-28
-6
41
9
11
-87
-92
71
33
-25
-88
-60
64
-63
40
31
-43
-63
-88
-31
54
-54
-91
-55
-67
50
-68
72
41
-44
-92
-45
73
91
35
-39
38
-55
-6
3
43
70
87
40
36
-20
40
-13
-11
94
46
14
-47
-12
-75
15
-10
-79
83
-59
-38
-74
37
-73
-54
-34
-76
-48
36
-9
-75
-25
-21
55
-11
40
29
68
75
76
-29
39
-53
42
14
-82
-75
50
-92
-10
-64
-4
43
61
1
87
22
81
-83
92
36
31
74
-91
35
-61
38
-54
-91
-32
-67
77
8
-96
-41
11
-48
6
92
-48
-13
-65
4
-75
-91
-17
85
50
69
-99
-87
-88
-78
-65
-25
4
11
-13
56
32
-61
56
50
67
-86
6
17
-80
97
7
73
-92
100
26
41
47
85
79
62
-93
21
89
-22
-74
35
-80
-15
-29
-52
-19
-88
45
-73
-29
98
-46
64
-37
-16
90
2
54
-20
-80
91
-58
67
-53