44
-34
60
-39
-24
-46
72
-66
5
-39
-82
-96
73
72
22
-77
-31
-31
91
20
19
-91
-88
-9
5
27
9
43
-58
-69
-91
-51
50
-59
-68
-21
-4
-44
71
-81
-36
-100
-34
34
43
-5
66
-12
-32
38
-21
26
-73
71
13
27
19
86
59
-89
47
95
91
63
-59
39
69
-12
80
-57
-69
81
-63
-71
18
-43
64
-57
-96
-94
44
-2
8
-51
-17
-40
21
31
28
93
4
-60
-65
-58
-16
36
-89
-49
56
-81
-11
-60
50
-72
73
-26
-59
-12
-99
61
-84
27
-33
-90
5
-87
52
-92
24
94
91
-52
-25
-34
-87
-83
-31
34
-18
-22
-84
-4
-51
91
26
24
7
91
17
53
28
3
-59
-44
-14
65
-80
-44
73
-61
35
-25
-74
-51
-47
-87
-47
-100
43
-51
27
9
75
77
59
68
-34
-88
-18
44
72
56
69
-61
20
91
-86
-62
-28
-76
12
-81
48
-86
-77
-28
-63
5
67
6
-7
-41
4
51
92
5
62
22
-73
-66
41
37
61
-52
-78
-86
-18
82
19
-54
53
-67
-15
87
-29
-35
-61
-10
63
29
17
68
-24
-32
-18
96
-54
-74
-32
100
88
35
-2
60
-26
-11
20
-59
71
24
-4
98
13
-62
-42
-84
95
28
-1
-71
78
86
72
-20
-30
49
8
85
83
99
68
-72
39
46
72
10
-96
-48
-41
-1
-48
-79
83
-67
-31
-10
-97
51
-82
24
89
76
32
26
26
20
7
-64
28
-17
-62
91
34
-42
21
-4
-94
-8
23
23
75
-50
-32
-51
-49
-13
40
36
-46
-76
1
50
80
-29
-78
-75
77
44
11
3
66
-64
41
-25
-85
-43
64
85
-40
70
69
-32
23
49
-72
76
33
-69
3
-89
38
-81
22
50
-96
-34
5
-30
-76
-28
23
77
35
98
-98
-23
54
-65
42
-33
-29
49
79
13
-59
21
33
5
94
-53
66
-40
-36
79
-90
89
56
43
84
73
24
83
-86
89
3
50
39
-77
3
-2
95
-91
-61
0
-92
-83
-98
-13
15
-16
13
10
-68
92
4
-66
55
76
63
64
-22
-86
-75
95
81
58
25
-73
-10
33
16
-96
30
-33
18
-88
38
-19
-42
88
-3
49
2
40
51
87
14
-87
-12
42
-60
-36
-46
-98
59
-82
43
17
-55
99
82
-63
-65
-90
33
73
-20
-8
9
-96
-20
-6
62
-31
68
97
-43
5
41
-32
67
64
34
3
56
-16
-96
97
10
18
90
-7
-65
-56
-46
41
-11
5
-22
-3
-23
64
-99
-13
23
35
-56
-68
-35
-28
56
96
-17
95
1
-74
-7
-42
43
-70
-5
-63
-25
-76
-34
76
-52
14
-27
-14
59
40
-100
-55
-100
71
85
76
-10
80
87
64
94
50
-15
-47
53
72
0
-69
-27
1
56
-40
-46
28
-26
38
76
-15
86
7
-39
-63
22
5
-90
-49
66
-89
97
41
-57
-51
-49
-22
44
21
55
90
-41
30
82
-92
-62
-80
-43
64
98
0
-44
37
-26
37
-49
-75
-8
15
34
-40
44
11
20
-23
97
16
-97
88
50
-22
-15
71
100
17
-91
25
97
-52
-29
34
-10
28
66
3
-47
86
98
-7
91
-38
-87
77
-38
-97
-68
98
-30
-35
-69
-48
-17
3
-36
23
75
95
15
91
-91
92
38
99
-78
-17
-25
-71
-49
-47
-42
-84
11
-2
-79
72
-6
20
79
62
21
82
98
-74
32
65
-33
-41
-86
-83
70
-75
-77
19
-13
-43
84
84
-17
51
33
26
-58
66
-21
4
52
-29
45
-42
-41
11
89
5
-34
-11
55
0
46
96
-20
84
50
66
52
-3
-98
-22
-23
-76
-55
-55
-54
39
-81
1
-84
-21
95
-92
33
74
63
-74
-5
88
54
-18
22
-79
22
13
32
-3
85
71
11
64
39
4
-93
75
-89
56
-51
67
49
-61
-76
-34
-99
60
-78
91
-62
-40
30
-7
-87
14
24
80
-85
-67
77
-80
10
-66
-96
83
-14
77
5
31
13
-61
-47
47
36
-87
98
-60
83
42
-86
-44
-92
-75
-83
99
-77
-96
60
-49
17
-55
-32
-77
-9
47
39
40
20
13
16
-31
16
-88
22
94
-51
54
19
4
84
-44
-88
99
-15
25
57
52
84
84
-62
-83
-69
28
38
-35
-17
72
90
93
85
-88
-31
-70
90
-15
77
-45
-79
42
-61
-64
-93
-81
-96
24
-74
-60
85
-74
13
-40
35
-31
43
-83
-15
74
87
-39
-55
97
-98
38
-35
-55
84
-92
-21
99
-82
70
18
63
-32
-74
-43
75
-22
51
28
53
22
49
-90
-62
-86
75
86
-46
7
73
31
-88
94
-98
24
63
-43
28
56
-12
-22
-45
7
29
-54
-2
12
-11
-96
8
79
64
-89
-54
93
-27
41
-2
32
-54
48
81
76
60
-40
72
-52
32
23
-10
49
-84
-68
2
-59
-84
-4
54
-66
55
-39
-71
-7
-86
-10
-92
-12
35
55
-46
-53
79
55
-53
-65
-80
-34
76
-4
-34
-22
79
-23
-46
21
46
92
52
46
-19
72
6
55
79
100
-89
-12
-86
-9
-94
53
-2
18
87
-60
1
-39
21
76
55
52
-85
59
74
63